0 0.46328125 0.359375 0.2078125 0.1125
0 0.6375 0.215625 0.1875 0.21875
0 0.7328125 0.5609375 0.0765625 0.2625
0 0.6671875 0.41328125 0.24375 0.153125
1 0.46875 0.25546875 0.10703125 0.128125
1 0.4515625 0.12265625 0.14296875 0.1578125
1 0.56015625 0.078125 0.121875 0.1359375
1 0.803125 0.3 0.1 0.1359375
1 0.56171875 0.71796875 0.13203125 0.1609375
1 0.5140625 0.49765625 0.10703125 0.1578125
1 0.7734375 0.1921875 0.10546875 0.1328125
1 0.8125 0.4765625 0.11640625 0.15078125
1 0.6625 0.5390625 0.1140625 0.15078125
1 0.653125 0.68515625 0.1140625 0.14375
1 0.70234375 0.28203125 0.11953125 0.1359375