0 0.5515625 0.65390625 0.21875 0.11875
0 0.36875 0.8046875 0.196875 0.2296875
0 0.26875 0.44296875 0.08125 0.275
0 0.3375 0.59765625 0.25625 0.1609375
1 0.5453125 0.76328125 0.1125 0.134375
1 0.5640625 0.90234375 0.15 0.165625
1 0.45078125 0.9390625 0.128125 0.121875
1 0.1953125 0.71640625 0.10625 0.1421875
1 0.4484375 0.278125 0.1390625 0.16875
1 0.4984375 0.509375 0.1125 0.165625
1 0.22578125 0.8296875 0.1109375 0.140625
1 0.18515625 0.53125 0.121875 0.1578125
1 0.34296875 0.465625 0.11875 0.1578125
1 0.35234375 0.31171875 0.1203125 0.15
1 0.30078125 0.73515625 0.1265625 0.14375