0 0.24140625 0.41953125 0.0828125 0.4625
0 0.309375 0.415625 0.11875 0.45625
0 0.609375 0.353125 0.0875 0.2828125
0 0.67109375 0.33828125 0.096875 0.2765625
0 0.75859375 0.34453125 0.0765625 0.1875
0 0.8125 0.35234375 0.0875 0.1796875
0 0.18359375 0.6765625 0.084375 0.171875
0 0.36953125 0.60625 0.109375 0.36875
0 0.43828125 0.6078125 0.09375 0.365625
0 0.50859375 0.590625 0.10625 0.365625
0 0.89140625 0.6609375 0.0890625 0.159375
0 0.825 0.6640625 0.065625 0.165625
0 0.7015625 0.721875 0.071875 0.2296875
0 0.6453125 0.68828125 0.0703125 0.225