0 0.109375 0.28359375 0.21796875 0.3421875
0 0.578125 0.09453125 0.33046875 0.14375
0 0.4765625 0.2625 0.115625 0.12734375
0 0.77421875 0.31484375 0.08203125 0.18125
0 0.89765625 0.3578125 0.13671875 0.2609375
0 0.53671875 0.41484375 0.26953125 0.15078125
0 0.38046875 0.565625 0.271875 0.1765625
0 0.7421875 0.64921875 0.140625 0.08984375
0 0.8421875 0.56484375 0.215625 0.12109375
0 0.05 0.6359375 0.09921875 0.12734375
0 0.18125 0.90234375 0.18046875 0.12578125
0 0.44453125 0.82734375 0.1078125 0.10078125
0 0.27734375 0.7328125 0.1046875 0.1484375
0 0.73671875 0.85625 0.21796875 0.16328125
0 0.2125 0.334375 0.21640625 0.3046875