0 0.87578125 0.5859375 0.2484375 0.4
0 0.6078125 0.72109375 0.303125 0.309375
1 0.46171875 0.4546875 0.0984375 0.10625
1 0.4203125 0.50703125 0.078125 0.1140625
1 0.54765625 0.5984375 0.0890625 0.1328125
1 0.5125 0.5375 0.075 0.1015625
1 0.65546875 0.49921875 0.096875 0.1375
1 0.8015625 0.4609375 0.1171875 0.125
1 0.746875 0.3203125 0.109375 0.1421875
1 0.60703125 0.328125 0.10625 0.1375
1 0.48828125 0.37265625 0.1125 0.1421875
1 0.33828125 0.2875 0.0921875 0.11875
1 0.8703125 0.20859375 0.109375 0.1484375