0 0.1328125 0.4484375 0.20625 0.36484375
0 0.3796875 0.2875 0.265625 0.27109375
1 0.5515625 0.5265625 0.08515625 0.09453125
1 0.58515625 0.471875 0.0640625 0.103125
1 0.4515625 0.3984375 0.07421875 0.121875
1 0.49296875 0.45234375 0.0625 0.09140625
1 0.36015625 0.50703125 0.078125 0.1234375
1 0.2234375 0.56171875 0.1015625 0.1078125
1 0.2921875 0.690625 0.0921875 0.1265625
1 0.4265625 0.665625 0.08984375 0.12265625
1 0.5359375 0.609375 0.09375 0.12734375
1 0.69140625 0.6734375 0.0765625 0.10546875
1 0.18671875 0.8125 0.090625 0.1328125