0 0.45859375 0.4890625 0.19453125 0.325
1 0.44921875 0.29375 0.07421875 0.10625
1 0.5859375 0.19453125 0.06953125 0.10390625
1 0.6640625 0.215625 0.06328125 0.1015625
1 0.703125 0.3546875 0.08046875 0.10546875
1 0.71171875 0.25859375 0.0734375 0.09609375
1 0.709375 0.484375 0.08359375 0.103125
1 0.6171875 0.42890625 0.07578125 0.1
1 0.62265625 0.30859375 0.07734375 0.11015625
1 0.525 0.31875 0.0578125 0.090625
1 0.51875 0.2296875 0.06328125 0.08359375
1 0.52578125 0.434375 0.0703125 0.08984375
0 0.403125 0.2234375 0.1125 0.0828125
0 0.29140625 0.26640625 0.121875 0.1984375
0 0.17890625 0.2265625 0.1015625 0.15
0 0.2234375 0.38203125 0.16171875 0.14921875
0 0.29921875 0.521875 0.196875 0.19453125
0 0.38671875 0.60703125 0.1171875 0.08515625
0 0.18359375 0.66640625 0.28125 0.2140625