0 0.86328125 0.62578125 0.171875 0.48125
0 0.790625 0.6265625 0.20625 0.4953125
0 0.634375 0.4515625 0.1671875 0.3875
0 0.5109375 0.46328125 0.153125 0.4171875
0 0.5796875 0.4765625 0.184375 0.4046875
0 0.45859375 0.63125 0.1140625 0.1875
0 0.328125 0.72265625 0.1046875 0.1953125
0 0.39140625 0.72890625 0.1203125 0.203125
0 0.209375 0.7 0.1203125 0.3140625
0 0.15625 0.7328125 0.125 0.3
0 0.31328125 0.3875 0.1953125 0.309375
0 0.190625 0.26015625 0.1328125 0.175
0 0.90390625 0.1890625 0.1375 0.259375
0 0.83046875 0.1796875 0.109375 0.25
0 0.69140625 0.2015625 0.1328125 0.18125