0 0.25 0.41796875 0.0796875 0.4484375
0 0.31640625 0.41328125 0.11484375 0.44296875
0 0.6078125 0.353125 0.084375 0.27421875
0 0.66796875 0.3390625 0.09375 0.26875
0 0.753125 0.34453125 0.07421875 0.1828125
0 0.80546875 0.35234375 0.0859375 0.17421875
0 0.19375 0.6671875 0.08125 0.16796875
0 0.375 0.59921875 0.10625 0.359375
0 0.4421875 0.60078125 0.09140625 0.35546875
0 0.509375 0.58359375 0.103125 0.35546875
0 0.88203125 0.6515625 0.08671875 0.1546875
0 0.8171875 0.65546875 0.06328125 0.16015625
0 0.69765625 0.7109375 0.0703125 0.2234375
0 0.6421875 0.67890625 0.06796875 0.21953125