0 0.41484375 0.21796875 0.271875 0.31875
0 0.790625 0.1765625 0.16640625 0.3375
0 0.6265625 0.38203125 0.128125 0.25859375
0 0.609375 0.265625 0.11328125 0.2609375
0 0.428125 0.1453125 0.1125 0.12734375
0 0.728125 0.17109375 0.10390625 0.140625
0 0.6984375 0.471875 0.0875 0.35625
0 0.2609375 0.56015625 0.3421875 0.1734375
0 0.60390625 0.5890625 0.09140625 0.178125
0 0.8640625 0.71328125 0.1609375 0.115625
0 0.7515625 0.65 0.128125 0.13671875
0 0.340625 0.82890625 0.28046875 0.1578125
0 0.4328125 0.778125 0.1640625 0.1921875
0 0.2734375 0.64765625 0.2203125 0.15234375
0 0.3640625 0.678125 0.18515625 0.11015625