1 0.79453125 0.3859375 0.1296875 0.103125
1 0.6859375 0.5 0.128125 0.1046875
1 0.56640625 0.60859375 0.1296875 0.1046875
1 0.659375 0.33359375 0.1109375 0.0859375
0 0.78359375 0.18125 0.396875 0.24375
1 0.66640625 0.215625 0.10625 0.084375
1 0.4875 0.23046875 0.1078125 0.0921875
1 0.50234375 0.36171875 0.1265625 0.1046875
1 0.46015625 0.46484375 0.1109375 0.0796875
1 0.275 0.53046875 0.109375 0.1140625
1 0.2484375 0.36640625 0.0953125 0.1078125
1 0.37109375 0.2671875 0.1046875 0.1140625
0 0.86328125 0.46875 0.2734375 0.3625
0 0.71953125 0.66796875 0.15625 0.159375
0 0.59140625 0.75234375 0.2140625 0.15625
0 0.4078125 0.63125 0.14375 0.1984375
0 0.4578125 0.0671875 0.171875 0.134375
0 0.26640625 0.0734375 0.1703125 0.146875