1 0.43359375 0.19296875 0.0796875 0.11640625
1 0.51484375 0.21171875 0.08515625 0.11015625
1 0.7 0.44921875 0.08359375 0.10625
0 0.38203125 0.4578125 0.15859375 0.1640625
1 0.43515625 0.39375 0.0796875 0.1171875
0 0.22265625 0.45703125 0.0671875 0.175
0 0.3484375 0.37265625 0.11796875 0.096875
0 0.41015625 0.60859375 0.13828125 0.203125
0 0.25546875 0.6015625 0.2125 0.1421875
0 0.64453125 0.496875 0.12265625 0.16875
0 0.7671875 0.421875 0.10546875 0.1796875
0 0.46875 0.13046875 0.2015625 0.09375