0 0.4625 0.796875 0.321875 0.3609375
0 0.84453125 0.78046875 0.221875 0.3609375
0 0.6484375 0.59921875 0.16875 0.2796875
0 0.65 0.71875 0.15625 0.2796875
0 0.4875 0.8671875 0.1328125 0.14375
0 0.78359375 0.79453125 0.1265625 0.1578125
0 0.70703125 0.49921875 0.1421875 0.3703125
0 0.2546875 0.47890625 0.3703125 0.2265625
0 0.59375 0.39609375 0.1203125 0.1921875
0 0.83359375 0.23046875 0.178125 0.140625
0 0.73125 0.3125 0.15 0.15625
0 0.2921875 0.19765625 0.30625 0.2015625
0 0.3921875 0.23359375 0.19375 0.2171875
0 0.25390625 0.390625 0.24375 0.1875
0 0.3390625 0.3453125 0.203125 0.1390625