0 0.11015625 0.2890625 0.2203125 0.3734375
0 0.2203125 0.3421875 0.22109375 0.32265625
0 0.57734375 0.09375 0.3375 0.14375
0 0.77421875 0.309375 0.09453125 0.1953125
0 0.89921875 0.36953125 0.13984375 0.28359375
0 0.48046875 0.26171875 0.1203125 0.146875
0 0.53828125 0.421875 0.275 0.16484375
0 0.3828125 0.56640625 0.2796875 0.1984375
0 0.7453125 0.66015625 0.15 0.12109375
0 0.84453125 0.559375 0.22265625 0.14296875
0 0.7390625 0.85703125 0.23359375 0.16796875
0 0.44765625 0.8359375 0.12109375 0.121875
0 0.284375 0.7375 0.11875 0.16796875
0 0.18671875 0.9078125 0.190625 0.13828125
0 0.0578125 0.65 0.115625 0.175