0 0.890625 0.25 0.209375 0.371875
0 0.40625 0.08671875 0.35625 0.1734375
0 0.525 0.25390625 0.13125 0.1421875
0 0.2171875 0.33125 0.0984375 0.196875
0 0.09140625 0.38515625 0.1625 0.284375
0 0.47421875 0.41875 0.29375 0.178125
0 0.6484375 0.565625 0.296875 0.203125
0 0.275 0.68046875 0.153125 0.103125
0 0.16484375 0.59765625 0.234375 0.14375
0 0.971875 0.61484375 0.05625 0.1390625
0 0.88125 0.90390625 0.1984375 0.1453125
0 0.6 0.84453125 0.1203125 0.1140625
0 0.76953125 0.73359375 0.1203125 0.1640625
0 0.296875 0.896875 0.2390625 0.1875
0 0.80703125 0.31015625 0.25 0.3375