0 0.21640625 0.89140625 0.1640625 0.2171875
0 0.36484375 0.9296875 0.1046875 0.140625
0 0.54453125 0.8703125 0.1859375 0.259375
0 0.5171875 0.92890625 0.1125 0.1421875
0 0.63125 0.803125 0.09375 0.1625
0 0.66875 0.70390625 0.1609375 0.3765625
0 0.81328125 0.6921875 0.2078125 0.396875
0 0.5578125 0.51015625 0.3609375 0.3765625
0 0.34609375 0.825 0.184375 0.190625
0 0.07265625 0.61796875 0.1453125 0.3921875
0 0.190625 0.54921875 0.196875 0.2140625
0 0.3296875 0.65 0.159375 0.128125
0 0.2546875 0.3265625 0.315625 0.4828125
0 0.390625 0.25 0.1640625 0.1953125
0 0.5578125 0.2703125 0.24375 0.2578125