0 0.1453125 0.146875 0.11484375 0.25546875
0 0.284375 0.0953125 0.07421875 0.16015625
0 0.47265625 0.1296875 0.140625 0.2453125
0 0.4359375 0.0734375 0.0875 0.14609375
0 0.5703125 0.18359375 0.06484375 0.1515625
0 0.625 0.27265625 0.09140625 0.36015625
0 0.76796875 0.25703125 0.134375 0.37265625
0 0.55390625 0.48125 0.30078125 0.321875
0 0.28984375 0.215625 0.15546875 0.16171875
0 0.0515625 0.4703125 0.09921875 0.3765625
0 0.190625 0.5125 0.16171875 0.1828125
0 0.30625 0.38828125 0.13984375 0.10234375
0 0.29453125 0.71640625 0.23125 0.4421875
0 0.44140625 0.76484375 0.13125 0.171875
0 0.59921875 0.71328125 0.2015625 0.22109375