0 0.16015625 0.79140625 0.2875 0.4140625
0 0.253125 0.715625 0.2875 0.365625
0 0.659375 0.88671875 0.365625 0.2140625
0 0.809375 0.63125 0.1359375 0.2125
0 0.91015625 0.54609375 0.1796875 0.3109375
0 0.528125 0.740625 0.15 0.171875
0 0.5515625 0.5703125 0.30625 0.2203125
0 0.3671875 0.459375 0.31875 0.2546875
0 0.70625 0.28984375 0.1734375 0.15
0 0.82578125 0.36953125 0.25 0.1890625
0 0.65859375 0.1015625 0.2671875 0.203125
0 0.37421875 0.17890625 0.146875 0.146875
0 0.23359375 0.31171875 0.153125 0.1921875
0 0.1046875 0.1625 0.209375 0.178125
0 0.0515625 0.44375 0.103125 0.196875