0 0.46171875 0.5171875 0.2609375 0.3625
1 0.49375 0.71171875 0.0953125 0.11875
1 0.65 0.78125 0.090625 0.1171875
1 0.721875 0.74375 0.084375 0.1140625
1 0.73125 0.5984375 0.1015625 0.1203125
1 0.76015625 0.69140625 0.0921875 0.109375
1 0.7109375 0.46875 0.1046875 0.11875
1 0.63125 0.54296875 0.09375 0.1140625
1 0.66171875 0.66015625 0.1 0.125
1 0.56328125 0.671875 0.0765625 0.1015625
1 0.57578125 0.76015625 0.078125 0.0953125
1 0.540625 0.55703125 0.0875 0.103125
0 0.46328125 0.790625 0.128125 0.10625
0 0.34453125 0.771875 0.1625 0.221875
0 0.2421875 0.834375 0.1328125 0.1703125
0 0.253125 0.67265625 0.1921875 0.18125
0 0.2984375 0.51796875 0.234375 0.234375
0 0.3671875 0.415625 0.134375 0.109375
0 0.1578125 0.4 0.315625 0.271875