0 0.53828125 0.234375 0.4796875 0.16875
0 0.55 0.29765625 0.48125 0.1984375
0 0.2703125 0.22265625 0.190625 0.1171875
0 0.3828125 0.39609375 0.3828125 0.16875
0 0.41328125 0.52421875 0.3921875 0.1609375
0 0.3875 0.4609375 0.3859375 0.1390625
0 0.6625 0.5796875 0.29375 0.1265625
0 0.690625 0.6375 0.2796875 0.1484375
0 0.70546875 0.71953125 0.1953125 0.10625
0 0.6984375 0.78125 0.2015625 0.13125
0 0.41796875 0.90546875 0.1765625 0.1078125
0 0.40234375 0.84609375 0.175 0.096875
0 0.325 0.72890625 0.25 0.11875
0 0.35390625 0.6734375 0.2421875 0.10625