0 0.24765625 0.41953125 0.08515625 0.4640625
0 0.3109375 0.41875 0.1171875 0.459375
0 0.18984375 0.67734375 0.08671875 0.17578125
0 0.378125 0.5984375 0.1046875 0.3640625
0 0.50703125 0.590625 0.09453125 0.37578125
0 0.44140625 0.60390625 0.075 0.371875
0 0.60390625 0.35859375 0.07734375 0.28046875
0 0.66484375 0.34140625 0.10234375 0.26171875
0 0.74609375 0.340625 0.0734375 0.18125
0 0.8046875 0.3578125 0.09765625 0.184375
0 0.87734375 0.6515625 0.078125 0.1640625
0 0.8171875 0.65625 0.06640625 0.1640625
0 0.690625 0.71171875 0.0765625 0.23671875
0 0.64140625 0.6734375 0.065625 0.2296875