0 0.14140625 0.5921875 0.1296875 0.2109375
0 0.47421875 0.36171875 0.1921875 0.1484375
0 0.38671875 0.24921875 0.1953125 0.1359375
0 0.48046875 0.62578125 0.1859375 0.1859375
0 0.39921875 0.6734375 0.1265625 0.1375
0 0.50234375 0.78671875 0.1609375 0.10625
0 0.63515625 0.72890625 0.16875 0.228125
1 0.61796875 0.578125 0.2140625 0.1671875
1 0.20859375 0.61484375 0.1296875 0.096875
1 0.2078125 0.5328125 0.1203125 0.109375
1 0.40234375 0.58046875 0.1328125 0.0953125
1 0.4171875 0.31484375 0.1265625 0.10625