1 0.321875 0.2359375 0.078125 0.11171875
1 0.45390625 0.3140625 0.07890625 0.109375
1 0.58359375 0.4046875 0.0796875 0.11171875
1 0.30234375 0.3765625 0.0640625 0.096875
0 0.1296875 0.29140625 0.1625 0.36015625
1 0.1875 0.3953125 0.06484375 0.09296875
1 0.240625 0.5625 0.071875 0.090625
1 0.36328125 0.5203125 0.07890625 0.10859375
1 0.47109375 0.5375 0.0578125 0.09765625
1 0.57421875 0.7 0.09375 0.0890625
1 0.4234375 0.7609375 0.090625 0.075
1 0.30234375 0.66640625 0.0953125 0.08203125
0 0.3796875 0.12734375 0.30625 0.25390625
0 0.60703125 0.2453125 0.13125 0.1265625
0 0.715625 0.34921875 0.1125 0.1890625
0 0.640625 0.55078125 0.17578125 0.1046875
0 0.0796875 0.6296875 0.128125 0.1421875
0 0.10078125 0.81875 0.2015625 0.125