0 0.46640625 0.134375 0.19765625 0.0984375
0 0.64140625 0.49609375 0.12109375 0.1734375
0 0.765625 0.428125 0.109375 0.17890625
0 0.38125 0.46171875 0.16171875 0.1609375
0 0.34765625 0.37421875 0.1203125 0.1078125
0 0.21953125 0.45859375 0.08359375 0.1484375
0 0.25625 0.596875 0.20859375 0.1359375
1 0.40703125 0.60390625 0.1375 0.19375
1 0.434375 0.196875 0.078125 0.11796875
1 0.51484375 0.20859375 0.09296875 0.10625
1 0.43828125 0.39140625 0.07578125 0.11953125
1 0.696875 0.446875 0.0890625 0.11328125