0 0.1875 0.309375 0.0875 0.45546875
0 0.25703125 0.32109375 0.1203125 0.46328125
0 0.375 0.5125 0.09921875 0.36171875
0 0.49453125 0.52265625 0.0796875 0.39453125
0 0.43125 0.4984375 0.11484375 0.375
0 0.571875 0.37265625 0.08046875 0.16875
0 0.7109375 0.30703125 0.0703125 0.17890625
0 0.65234375 0.290625 0.0859375 0.18359375
0 0.8203125 0.34921875 0.06328125 0.29609375
0 0.87578125 0.3265625 0.07265625 0.28125
0 0.66875 0.6265625 0.140625 0.27578125
0 0.7640625 0.76875 0.10234375 0.15390625
0 0.07109375 0.7171875 0.1046875 0.23671875
0 0.14453125 0.7375 0.0671875 0.2328125
0 0.27890625 0.740625 0.1015625 0.159375