1 0.45390625 0.92421875 0.0859375 0.13125
1 0.525 0.8046875 0.0765625 0.0984375
0 0.58984375 0.49921875 0.1015625 0.1234375
0 0.1796875 0.8375 0.153125 0.1609375
0 0.3109375 0.8015625 0.1265625 0.2296875
0 0.4453125 0.75390625 0.09375 0.171875
0 0.2140625 0.64921875 0.3109375 0.2046875
0 0.465625 0.6125 0.3046875 0.171875
0 0.1546875 0.49296875 0.146875 0.1171875
0 0.2140625 0.34140625 0.1546875 0.1515625
0 0.4171875 0.41171875 0.2203125 0.1953125
0 0.40546875 0.28671875 0.1515625 0.128125
0 0.528125 0.29375 0.165625 0.2265625