0 0.171875 0.4703125 0.1390625 0.13203125
0 0.2046875 0.6296875 0.14140625 0.15859375
0 0.40625 0.58359375 0.209375 0.19375
0 0.38046875 0.7 0.15859375 0.159375
0 0.5015625 0.71640625 0.15078125 0.2140625
0 0.25078125 0.32734375 0.296875 0.1703125
0 0.3625 0.190625 0.096875 0.2421875
0 0.24375 0.14453125 0.12578125 0.14921875
0 0.48359375 0.2609375 0.0921875 0.1875
1 0.5125 0.1015625 0.08671875 0.13828125
1 0.56953125 0.22109375 0.0859375 0.11171875
0 0.48046875 0.396875 0.2984375 0.13046875
1 0.58671875 0.525 0.1015625 0.16015625