1 0.51171875 0.0984375 0.06796875 0.11640625
1 0.5640625 0.221875 0.06171875 0.08828125
0 0.584375 0.5234375 0.08359375 0.109375
0 0.23671875 0.14375 0.1296875 0.13984375
0 0.3578125 0.19609375 0.09453125 0.21015625
0 0.48046875 0.259375 0.06875 0.15859375
0 0.24453125 0.32890625 0.28125 0.1609375
0 0.48046875 0.39765625 0.28046875 0.128125
0 0.165625 0.47109375 0.1296875 0.09609375
0 0.20234375 0.62421875 0.1328125 0.13046875
0 0.40703125 0.58359375 0.1921875 0.16328125
0 0.37890625 0.7015625 0.1328125 0.10546875
0 0.49765625 0.7109375 0.13359375 0.203125